//type,X,Y,Xsize,Ysize,Red,Green,Blue
Block,-50,0,50,1000,0,0,0
Block,-50,230,3000,10,0,0,0
Block,-50,240,3000,40,0,0,0
Block,600,180,50,50,0,0,0
KillBlock,650,220,50,50,0,0,0
Block,700,130,50,100,0,0,0
KillBlock,750,220,50,50,0,0,0
Block,800,80,50,150,0,0,0
KillBlock,850,220,50,50,0,0,0
Block,900,30,50,200,0,0,0
KillBlock,950,220,50,50,0,0,0
Block,1000,30,50,200,0,0,0
KillBlock,1050,220,50,50,0,0,0
Block,1100,80,50,150,0,0,0
KillBlock,1150,220,50,50,0,0,0
Block,1200,130,50,100,0,0,0
Block,1700,180,50,50,0,0,0
Entity,1900,180,50,50,0,0,0
Block,2500,180,50,50,0,0,0
//checkpoint maybe
Block,2700,50,100,50,0,0,0
Block,3000,30,500,50,0,0,0
Block,3700,30,500,50,0,0,0
Block,4500,30,500,50,0,0,0
Block,3000,-70,50,150,0,0,0
Block,3500,-70,50,150,0,0,0
Block,3700,-70,50,150,0,0,0
Block,4200,-70,50,150,0,0,0
Block,4500,-70,50,300,0,0,0
//extra life
Block,4500,230,1000,10,0,0,0
Block,4500,240,1000,40,0,0,0
Block,5600,180,50,100,0,0,0
Block,5750,230,1000,10,0,0,0
Block,5750,240,1000,40,0,0,0
Block,6750,-750,50,1000,0,0,0
Goal,6700,180,50,50,0,0,0