//type,X,Y,Xsize,Ysize,Red,Green,Blue
Block,190,300,200,50,20,255,20
Block,190,350,200,100,190,190,100
Block,390,200,200,50,20,255,20
Block,390,250,200,200,190,190,100
Block,0,200,190,50,20,255,20
Block,0,250,190,200,190,190,100
Block,-100,0,100,2000,0,0,0

KillBlock,250,250,50,50,20,255,255
KillBlock,450,550,50,50,20,255,255
Entity,3000,570,50,50,0,0,0



Block,390,700,200,50,20,255,20
Block,390,750,200,100,190,190,100
Block,590,600,5000,50,20,255,20
Block,590,650,5000,200,190,190,100
Block,200,600,190,50,20,255,20
Block,200,650,190,200,190,190,100

Block,590,500,100,20,20,255,20
Block,590,520,100,20,190,190,100

Block,590,400,100,20,20,255,20
Block,590,420,100,20,190,190,100
Block,590,300,100,20,20,255,20
Block,590,320,100,20,190,190,100

Goal,4950,570,50,50,0,0,0