//type,X,Y,Xsize,Ysize,Red,Green,Blue
Block,-50,0,50,1000,0,0,0
Block,-50,230,2000,10,124,252,0
Block,-50,240,2000,40,196,164,132
Block,1000,100,70,180,154,158,142
Block,2700,230,1150,10,124,252,0
Block,2700,240,1150,40,196,164,132
Block,2200,100,250,10,124,252,0
Block,2200,110,250,40,196,164,132
Block,2700,50,40,180,154,158,142
Entity,3000,180,50,50,0,0,0
Block,3700,180,50,50,154,158,142
Entity,3400,180,50,50,0,0,0
Block,3750,130,50,100,154,158,142
Block,3800,80,50,150,154,158,142
Block,4000,80,50,150,154,158,142
Block,4050,130,50,100,154,158,142
Block,4100,180,50,50,154,158,142
Block,4000,230,1000,10,124,252,0
Block,4000,240,1000,40,196,164,132
Block,5000,-750,50,1030,0,0,0
Block,4950,220,50,3,0,0,0
Goal,4950,180,50,50,0,0,0