//type,X,Y,Xsize,Ysize,Red,Green,Blue
Block,-50,0,50,1000,0,0,0
Block,-50,230,1000,10,0,0,0
Block,-50,240,1000,40,0,0,0
Block,1100,180,100,50,0,0,0
Block,1300,50,100,50,0,0,0
Block,1500,-50,100,50,0,0,0
Block,2000,-50,50,280,0,0,0
Block,2000,230,1000,10,0,0,0
Block,2000,240,1000,40,0,0,0
Entity,2300,180,50,50,0,0,0
Block,2750,180,50,50,0,0,0
Block,3000,230,400,10,0,0,0
Block,3000,240,400,40,0,0,0
Block,3050,180,50,50,0,0,0
Block,3100,130,50,100,0,0,0
Block,3150,80,50,150,0,0,0
Block,3200,30,50,200,0,0,0
Block,3250,-20,50,250,0,0,0
Block,3300,-70,50,300,0,0,0
Block,3350,-120,50,350,0,0,0
Block,4000,230,350,10,0,0,0
Block,4000,240,300,40,0,0,0
Block,4300,240,50,150,0,0,0
Block,4300,390,400,50,0,0,0
KillBlock,4350,360,50,50,0,0,0
KillBlock,4400,360,50,50,0,0,0
KillBlock,4450,360,50,50,0,0,0
KillBlock,4500,360,50,50,0,0,0
KillBlock,4550,360,50,50,0,0,0
KillBlock,4600,360,50,50,0,0,0
Block,4650,240,50,150,0,0,0
Block,4650,230,750,10,0,0,0
Block,4650,240,750,40,0,0,0
Block,4475,180,50,50,0,0,0
Block,4650,230,500,10,0,0,0
Block,4650,240,500,40,0,0,0
Block,5350,-750,50,1000,0,0,0
Goal,5300,180,50,50,0,0,0